87096710

[41,[11112.4,3062.83,0.002]]	1	UAZ_Unarmed_TK_EP1			885
[7,[4500.23,2208.42,0.001]]		2	UAZ_Unarmed_TK_CIV_EP1	    886
[359,[7609.72,3096.26,0.001]]	3	UAZ_Unarmed_UN_EP1		    887
[235,[13469.2,5239.06,0.001]]	4	UAZ_RU                      888
[64,[3229.82,1961.15,0.002]]	5	ATV_US_EP1				    889
[48,[1515.01,2078.3,0.002]]		6	ATV_CZ_EP1				    890
[330,[6428.68,2190.36,0.001]]	7	SkodaBlue				    891
[215,[2696.07,1971.74,0.001]]	8	Skoda					    892
[265,[3989.61,2304.1,0.001]]	9	SkodaGreen				    893

10	TT650_Ins				                                    894
11	TT650_TK_EP1			                                    895
12	TT650_TK_CIV_EP1		                                    896
[248,[11615.7,3383.79,0.002]]	20	S1203_TK_CIV_EP1		    897
[20,[4731.09,2488.61,0.001]]	29	SUV_TK_CIV_EP1			    898
[43,[8370.15,2519.74,0.002]]	33	LandRover_CZ_EP1		    899
[264,[10861,2470.96,0.001]]		21	V3S_Civ					    900
[340,[2110.81,2199.45,0.002]]	56	BAF_Offroad_D			    901
[261,[1341.64,2319.13,0.001]]	57	BAF_Offroad_W			    902
[241,[4525.67,10782.8,0.082]]   93  HMMWV			            903
[180,[2864.19,2074.19,0.002]]	81	VWGolf						904		
	VolhaLimo_TK_CIV_EP1        82                              905
[346,[9217.04,1952.79,0.001]]	69	LadaLM					    907
[305,[9112.44,1995.29,0.001]]	63	GAZ_Vodnik                  906

[281,[13729.7,2897.27,0.001]]	15	UH1H_DZ						908			
[323,[13680.1,2896.21,0.001]]	54	Mi17_DZ					    909
[213,[13662.6,2919.79,0.002]]	53	AH6X_DZ					    910
[59,[13305.5,3239.36,0.001]]	15	UH1H_DZ				        911

[289,[12431.8,12576.7,0.001]]	55	AN2_DZ					    912

[[[], []], [["PartFueltank", "PartWheel"], [1, 1]], [[], []]]

[[[], []], [["PartEngine", "ItemJerrycan"], [1, 1]], [[], []]]

[[["Makarov"], [1]], [["FoodCanBakedBeans,ItemJerrycan"], [3,3]], [[], []]]
 5.9.145.239:9302




broken chopper

parts: [["glass1",0.701],["glass2",1],["glass3",1],["glass4",1],["glass5",1],["motor",0.8],["elektronika",0.772],["mala vrtule",0.051],["velka vrtule",1]]


damage: 0.0551180988550186

Low Fuel: 0.028999999165534973  // 0.12451600283384323

fueal a bit half full: 0.4768190085887909