87096710



#########HACIENDOS AIRFIELD#########

[233,[3051.62,6457.47,0.001]]


[68,[3051.44,6552.57,0.001]]


[188,[3051.44,6552.57,0.001]]


[68,[3029.89,6731.08,0.001]]


[96,[3029.89,6731.08,0.001]]


[103,[3001.59,7073.19,0.001]]



#########CALAMAR AIRFIELD##########

[52,[4155.45,1474.2,0.001]]


[354,[4222.72,1609.18,0.001]]


[348,[4210.48,1693.36,0.001]]


[359,[4308.91,1264.42,0.001]]


[187,[4218.75,1154.14,0.001]]



#########MARUKO INTERNATIONAL AIRPORT######

[90,[6379.88,6932.24,0.001]]


[271,[6271.35,6933.89,0.001]]


[92,[5956.51,6934.73,0.001]]


[86,[6023.82,7057.41,0.001]]


[268,[6175.31,6925.11,0.001]]


[91,[6158.7,7031.4,0.001]]


[84,[6353.3,7027.4,0.001]]


[90,[6546.02,7022.77,0.001]]


[88,[6707.99,6981.16,0.001]]


