87096710

##########################Arnold Stein Airport#######################
Chopper Platform 1
[87,[4052.8,7465.07,0.001]] 
Chopper Platform 2
[90,[4052.93,7442.63,0.001]]
Chopper Platform 3
[267,[4084.01,7442.74,0.001]]
Chopper Platform 4
[271,[4083.53,7465.42,0.001]]
Hangar1
[88,[4086.38,7505.6,0.001]]
Hangar2
[93,[4134.49,7504.31,0.001]]
Hangar3
[92,[4177.06,7502.15,0.001]]
Hangar4
[172,[4267.71,7503.85,0.001]]
Hangar5
[259,[4318.44,7501.02,0.002]]
C130 Spawn 1
[90,[4117.87,7610.89,0.001]]
C130 Spawn 2
[91,[4055.75,7529.63,0.001]]
C130 3
[85,[4094.96,7562.32,0.001]]
North Chopper
[96,[4022.04,7577.5,0.001]]
Small Plane1
[271,[4361.63,7559.33,0.001]]
Small plane2
[91,[4401.25,7562.44,0.001]]
Small Plane3
[90,[4464.76,7562.99,0.001]]
Small Plane4
[88,[4511.73,7565.74,0.001]]
#######################################################################
#######################################################################
###################FOB Boriana Airport#################################
Hangar1
[89,[1842.39,3557.36,0.001]]
Hangar2
[92,[1869.43,3557.3,0.001]]
Hangar3
[89,[1922.79,3550.94,0.001]]
Hangar4
[276,[1963.66,3549.1,0.001]]
Plane1
[182,[1907.56,3571.21,0.001]]
Plane2
[208,[1900.85,3584.2,0.001]]
Plane3
[182,[1889.8,3592.6,0.001]]
Plane4
[47,[1889.25,3570.81,0.001]]
Plane5
[182,[1857.74,3592.66,0.001]]
Plane6
[181,[1857.94,3566.63,0.001]]
Hangar North 1
[271,[2570.1,3430.76,0.001]]
C130 Spawn 1
[276,[2622.25,3449.95,0.001]]
C130 Spawn 2
[271,[2611.46,3532.27,0.001]]
ControlTower1
[358,[2625.34,3420.13,0.001]]
Helipad1
[179,[2564.52,3494.66,0.001]]
Helipad2
[181,[2529.82,3494.02,0.001]]
Helipad3
[178,[2800.16,3464.18,4.301]]
Helipad4
[180,[2673.4,3408.31,0.001]]
Begin Airstrip
[129,[2500.77,3495.24,0.001]]
################################################################
################Smugglers Airport###############################
C130
[52,[7918.98,1866.36,0.001]]
Plane1
[139,[7910.86,1903.77,0.001]]
Plane2
[135,[7933.92,1918.95,0.001]]
Plane3
[143,[7980.55,1945.75,0.001]]
Plane4
[323,[8402.93,2187.93,0.001]]
Plane5
[322,[8374.2,2166.38,0.001]]
Hangar1
[142,[8006.31,1964.92,0.001]]
Hangar2
[321,[8040.94,1912.21,0.001]]
Hangar3
[321,[8011.65,1877.66,0.002]]
Hangar4
[53,[7887.98,1870.23,0.001]]
Hangar5
[236,[8339.08,2152.7,0.001]]
Hangar6
[53,[8310.69,2131.3,0.001]]
Hangar7
[140,[8306.3,2187.61,0.001]]
Hanag8
[146,[8279.28,2174.31,0.001]]
Chopper1
[142,[8033.42,1998.2,0.001]]
Chopper2
[136,[8051.67,2009.96,0.001]]
Chopper3
[144,[8071.77,2018.16,0.001]]
Chopper4
[325,[8391.08,2178.89,0.001]]


##########################################################################
###################### AIRPORT LESCE ###########################

C130
[139,[8417.11,4848.98,0.001]]
Plane
[229,[8432.39,4870.73,0.001]]
Chopper1
[236,[8519.15,4783.7,0.001]]
Chopper2
[234,[8540.99,4764.31,0.001]]
Chopper3
[232,[8559.03,4736.44,0.001]]
Hangar1
[224,[8495.15,4803.05,0.002]]
Hangar2
[234,[8482.38,4859.96,0.001]]
Hangar3
[139,[8458.96,4875.44,0.001]]


