87096710

Spawn Points locations						NR		CAR-NAME		     world_vehicle_id	
[224,[-1048.08,7580.23,0.001]]				1	UAZ_Unarmed_TK_EP1				875
[329,[4188.64,3564.21,0.002]]				62	datsun1_civil_2_covered			876
[74,[-525.942,8852.77,0.002]]				65	hilux1_civil_2_covered			877
[38,[10309.3,5643.6,0.002]]					4	UAZ_RU							878
[64,[5126.53,5002.33,0.002]]				7	SkodaBlue						879
[359,[5033.28,4613.35,0.002]]				9	SkodaGreen						880
[276,[6870.46,11240.6,0.002]]				20	S1203_TK_CIV_EP1				881
[294,[-260.619,8018.16,9.155e-04]]			21	V3S_Civ							882
[67,[5043.49,6415.87,0.002]]				33	LandRover_CZ_EP1				883
[250,[5290.48,114.413,0.002]]				32	UralCivil2						884
[205,[286.101,7366.77,0.001]]				81	VWGolf							885
[88,[3630.03,1875.01,0.002]]				77	SkodaRed						886
[16,[5219.55,5712.09,0.002]]				67	Lada1							887
[264,[-28.977,8574.15,0.001]]				5	ATV_US_EP1						888		
[38,[6637.44,10525.2,8.926e-04]]			16	hilux1_civil_3_open				889
[5,[3467.76,1072.52,0.002]]					18	Ikarus							890
[335,[4416.63,5638.64,0.002]]				29	SUV_TK_CIV_EP1					891
[157,[156.746,9099.84,0.002]]				30	car_sedan						892
[20,[4762.13,5213.96,0.002]]				81	VWGolf							893
[286,[5477.33,255.046,0.002]]				66	Lada							894



[[[], []], [["PartFueltank", "PartWheel"], [1, 1]], [[], []]]

[[[], []], [["PartEngine", "ItemJerrycan"], [1, 1]], [[], []]]

[[["Makarov"], [1]], [["FoodCanBakedBeans,ItemJerrycan"], [3,3]], [[], []]]
 5.9.145.239:9302

hilux1_civil_3_open_EP1



broken chopper

parts: [["glass1",0.701],["glass2",1],["glass3",1],["glass4",1],["glass5",1],["motor",0.8],["elektronika",0.772],["mala vrtule",0.051],["velka vrtule",1]]


damage: 0.0551180988550186

Low Fuel: 0.028999999165534973  // 0.12451600283384323

fueal a bit half full: 0.4768190085887909
